CAPEC_FALCON91

0
0 99900 54600 56580
0 0 0 1
10
28.5833333333 279.383333333
28.7833333333 279.483333333
30.6 281.5
33.4152777778 284.7025
33.1486111111 284.994444444
28.55 279.666666667
28.4333333333 279.65
28.5 279.45
28.5333333333 279.4
28.5833333333 279.383333333
CAPEC_FALCON93

0
0 99900 54600 56580
0 0 0 1
10
33.9 284.683333333
35.6333333333 286.466666667
36.7666666667 289.3
36.6833333333 289.4
34.7333333333 287.666666667
32.7 285.483333333
33.2920111111 284.837780556
33.314075 284.816494444
33.6333333333 284.466666667
33.9 284.683333333
CAPEC_FALCON9_TFR

0
0 99900 52800 56580
0 0 0 1
19
28.8544444444 279.294722222
29.125 279.5
29.0755 279.666333333
29.0081666667 279.777166667
28.9465 279.842166667
28.8506138889 279.898438889
28.7468333333 279.952
28.673 279.965666667
28.5008333333 279.949166667
28.3325 279.856833333
28.225 279.733333333
28.4169444444 279.491944444
28.4169444444 279.366944444
28.4169444444 279.304444444
28.5225 279.269722222
28.6336111111 279.216388889
28.8194444444 279.154444444
28.8544444444 279.212777778
28.8544444444 279.294722222
