SUA0_0

0
0 15000 54600 54660
0 0 0 1
24
28.5988 279.436
28.5991 279.442
28.5949 279.448
28.5817 279.455
28.5817 279.455
28.5593 279.457
28.5503 279.457
28.5321 279.453
28.5321 279.453
28.5267 279.437
28.5255 279.414
28.5249 279.402
28.5246 279.397
28.5282 279.379
28.5369 279.373
28.5369 279.373
28.5414 279.372
28.5728 279.37
28.5773 279.369
28.5817 279.369
28.591 279.374
28.591 279.374
28.5961 279.385
28.5988 279.436
SUA0_1

0
15000 30001 54600 54660
0 0 0 1
24
28.588 279.403
28.5892 279.426
28.5898 279.437
28.5901 279.443
28.5856 279.443
28.5722 279.444
28.5632 279.445
28.5407 279.447
28.5363 279.447
28.5363 279.447
28.536 279.441
28.5354 279.43
28.5345 279.413
28.5333 279.39
28.533 279.384
28.533 279.384
28.542 279.384
28.5734 279.381
28.5779 279.381
28.5823 279.38
28.5871 279.386
28.5871 279.386
28.5874 279.391
28.588 279.403
SUA1_0

0
0 15000 54660 54720
0 0 0 1
25
28.5898 279.437
28.5901 279.443
28.5901 279.443
28.5859 279.449
28.5545 279.451
28.55 279.452
28.5407 279.447
28.5401 279.435
28.539 279.413
28.5387 279.407
28.5384 279.401
28.5426 279.395
28.5426 279.395
28.547 279.395
28.5605 279.394
28.5695 279.393
28.574 279.392
28.5784 279.392
28.5829 279.392
28.5829 279.392
28.588 279.403
28.588 279.403
28.5883 279.408
28.5886 279.414
28.5898 279.437
SUA1_1

0
15000 30001 54660 54720
0 0 0 1
28
28.728 279.58
28.728 279.58
28.7235 279.58
28.719 279.58
28.5985 279.516
28.5704 279.496
28.5656 279.49
28.5608 279.485
28.5608 279.485
28.5509 279.469
28.5407 279.447
28.5404 279.441
28.5396 279.424
28.5384 279.401
28.5381 279.396
28.5378 279.39
28.5378 279.39
28.5378 279.39
28.5423 279.389
28.5737 279.387
28.5871 279.386
28.6395 279.438
28.649 279.449
28.6538 279.454
28.6927 279.508
28.7274 279.568
28.7277 279.574
28.728 279.58
SUA1_2

0
30001 45002 54660 54720
0 0 0 1
34
28.8372 279.685
28.8375 279.691
28.8285 279.691
28.824 279.692
28.815 279.692
28.8058 279.688
28.693 279.6
28.6036 279.527
28.5847 279.512
28.5659 279.496
28.5608 279.485
28.5557 279.474
28.5503 279.457
28.55 279.452
28.5479 279.412
28.5521 279.406
28.5608 279.399
28.5698 279.399
28.5743 279.398
28.5787 279.398
28.5788 279.398
28.6015 279.402
28.6015 279.402
28.6389 279.427
28.6529 279.437
28.667 279.448
28.667 279.448
28.6861 279.469
28.6909 279.474
28.7681 279.571
28.7681 279.571
28.8267 279.657
28.8318 279.668
28.8372 279.685
SUA1_3

0
45002 60003 54660 54720
0 0 0 1
40
28.8566 279.712
28.8572 279.723
28.8527 279.724
28.8482 279.724
28.8482 279.724
28.8067 279.705
28.7974 279.7
28.7501 279.658
28.5889 279.506
28.565 279.479
28.565 279.479
28.565 279.479
28.5647 279.473
28.5644 279.468
28.5632 279.445
28.5623 279.428
28.562 279.422
28.5617 279.416
28.5617 279.416
28.5662 279.416
28.5707 279.416
28.5796 279.415
28.5796 279.415
28.6021 279.413
28.6111 279.412
28.6111 279.412
28.6203 279.417
28.6718 279.453
28.6954 279.474
28.7238 279.5
28.7334 279.511
28.7382 279.516
28.7959 279.585
28.8303 279.64
28.8354 279.651
28.8405 279.662
28.8509 279.689
28.8563 279.706
28.8563 279.706
28.8566 279.712
SUA2_2

0
30001 45002 54720 54780
0 0 0 1
20
28.8372 279.685
28.8375 279.691
28.833 279.691
28.824 279.692
28.8195 279.692
28.815 279.692
28.8058 279.688
28.801 279.682
28.7914 279.672
28.7908 279.66
28.7905 279.654
28.7899 279.643
28.7899 279.643
28.8079 279.642
28.8123 279.641
28.8171 279.647
28.8219 279.652
28.8267 279.657
28.8318 279.668
28.8372 279.685
SUA2_3

0
45002 60003 54720 54780
0 0 0 1
31
28.9759 279.839
28.9759 279.839
28.9715 279.839
28.9622 279.834
28.8683 279.762
28.8494 279.747
28.7501 279.658
28.7405 279.647
28.7307 279.631
28.7205 279.609
28.7205 279.609
28.7202 279.603
28.7193 279.586
28.7187 279.575
28.7184 279.569
28.7181 279.563
28.7223 279.557
28.7265 279.551
28.7265 279.551
28.74 279.55
28.74 279.55
28.7534 279.549
28.7579 279.549
28.7579 279.549
28.7672 279.553
28.8246 279.617
28.8294 279.623
28.8342 279.628
28.9754 279.828
28.9757 279.833
28.9759 279.839
SUA10_0

0
0 15000 55200 55260
0 0 0 1
23
35.5098 287.645
35.511 287.668
35.5119 287.685
35.5074 287.685
35.4042 287.694
35.3997 287.694
35.3952 287.695
35.3267 287.592
35.3264 287.586
35.3249 287.557
35.3235 287.529
35.3232 287.523
35.3268 287.506
35.3387 287.476
35.3567 287.475
35.3836 287.472
35.3881 287.472
35.3926 287.472
35.4826 287.556
35.4874 287.561
35.5083 287.616
35.5086 287.622
35.5098 287.645
SUA10_1

0
15000 30001 55200 55260
0 0 0 1
26
35.4952 287.623
35.4966 287.652
35.4975 287.669
35.4572 287.672
35.4482 287.673
35.4437 287.673
35.3934 287.66
35.3399 287.585
35.33 287.569
35.3297 287.563
35.3285 287.54
35.327 287.512
35.3262 287.494
35.3259 287.489
35.3339 287.471
35.3384 287.471
35.3429 287.47
35.3564 287.469
35.3743 287.468
35.3878 287.466
35.4688 287.551
35.4736 287.556
35.4943 287.606
35.4946 287.612
35.4949 287.618
35.4952 287.623
SUA10_2

0
30001 45002 55200 55260
0 0 0 1
24
35.4829 287.647
35.4832 287.653
35.4835 287.659
35.479 287.659
35.4566 287.661
35.4341 287.663
35.4296 287.663
35.3878 287.638
35.339 287.568
35.3291 287.551
35.3288 287.546
35.3273 287.517
35.327 287.512
35.3262 287.494
35.3256 287.483
35.3253 287.477
35.3292 287.466
35.3785 287.461
35.383 287.461
35.3878 287.466
35.4599 287.552
35.4802 287.596
35.4805 287.602
35.4829 287.647
SUA10_3

0
45002 60003 55200 55260
0 0 0 1
24
35.473 287.631
35.4733 287.637
35.4742 287.654
35.4652 287.654
35.4563 287.655
35.4293 287.657
35.4248 287.658
35.406 287.642
35.3824 287.621
35.3336 287.551
35.3238 287.535
35.3235 287.529
35.3208 287.478
35.3202 287.466
35.3244 287.46
35.3468 287.458
35.3692 287.457
35.3737 287.456
35.412 287.499
35.4506 287.547
35.4706 287.585
35.4709 287.591
35.4718 287.608
35.473 287.631
SUA11_0

0
0 15000 55260 55320
0 0 0 1
23
35.511 287.668
35.5113 287.673
35.5119 287.685
35.5074 287.685
35.5029 287.685
35.4401 287.691
35.4177 287.693
35.3952 287.695
35.3267 287.592
35.3243 287.546
35.3235 287.529
35.3232 287.523
35.3268 287.506
35.3387 287.476
35.3432 287.476
35.3477 287.476
35.3746 287.473
35.3926 287.472
35.4826 287.556
35.4874 287.561
35.5083 287.616
35.5086 287.622
35.511 287.668
SUA11_1

0
15000 30001 55260 55320
0 0 0 1
20
35.4966 287.652
35.4975 287.669
35.493 287.669
35.4437 287.673
35.3934 287.66
35.3399 287.585
35.33 287.569
35.3294 287.557
35.3267 287.506
35.3265 287.5
35.3259 287.489
35.3339 287.471
35.3429 287.47
35.3609 287.469
35.3878 287.466
35.4688 287.551
35.4736 287.556
35.4943 287.606
35.4949 287.618
35.4966 287.652
SUA11_2

0
30001 45002 55260 55320
0 0 0 1
22
35.4805 287.602
35.4835 287.659
35.479 287.659
35.47 287.66
35.4431 287.662
35.4341 287.663
35.4296 287.663
35.3878 287.638
35.339 287.568
35.3291 287.551
35.3285 287.54
35.3262 287.494
35.3256 287.483
35.3253 287.477
35.3292 287.466
35.3336 287.465
35.3785 287.461
35.383 287.461
35.3878 287.466
35.4599 287.552
35.4802 287.596
35.4805 287.602
SUA11_3

0
45002 60003 55260 55320
0 0 0 1
25
35.4727 287.625
35.4739 287.648
35.4742 287.654
35.4697 287.654
35.4607 287.655
35.4248 287.658
35.406 287.642
35.3824 287.621
35.3336 287.551
35.3238 287.535
35.3235 287.529
35.3229 287.518
35.3208 287.478
35.3202 287.466
35.3244 287.46
35.3289 287.46
35.3423 287.459
35.3692 287.457
35.3737 287.456
35.3785 287.461
35.412 287.499
35.4506 287.547
35.4706 287.585
35.4709 287.591
35.4727 287.625
SUA12_0

0
0 15000 55320 55380
0 0 0 1
23
35.5083 287.616
35.5098 287.645
35.5107 287.662
35.5119 287.685
35.5074 287.685
35.4805 287.687
35.4401 287.691
35.3997 287.694
35.3952 287.695
35.3267 287.592
35.3258 287.575
35.324 287.54
35.3238 287.535
35.3235 287.529
35.3232 287.523
35.3267 287.506
35.3387 287.476
35.3432 287.476
35.3836 287.472
35.3926 287.472
35.4826 287.556
35.4874 287.561
35.5083 287.616
SUA12_1

0
15000 30001 55320 55380
0 0 0 1
25
35.4958 287.635
35.4966 287.652
35.4972 287.663
35.4975 287.669
35.4931 287.669
35.4661 287.671
35.4616 287.672
35.4482 287.673
35.4437 287.673
35.3934 287.66
35.3399 287.585
35.33 287.569
35.3297 287.563
35.3267 287.506
35.3262 287.494
35.3259 287.489
35.3339 287.471
35.3474 287.47
35.3743 287.468
35.3878 287.466
35.4688 287.551
35.4736 287.556
35.4943 287.606
35.4946 287.612
35.4958 287.635
SUA12_2

0
30001 45002 55320 55380
0 0 0 1
27
35.4808 287.607
35.4826 287.641
35.4835 287.659
35.479 287.659
35.4566 287.661
35.4431 287.662
35.4386 287.662
35.4341 287.663
35.4296 287.663
35.3878 287.638
35.339 287.568
35.3291 287.551
35.3288 287.546
35.3282 287.534
35.3256 287.483
35.3253 287.477
35.3292 287.466
35.3381 287.465
35.3606 287.463
35.3695 287.462
35.3785 287.461
35.383 287.461
35.3878 287.466
35.4599 287.552
35.4802 287.596
35.4805 287.602
35.4808 287.607
SUA12_3

0
45002 60003 55320 55380
0 0 0 1
30
35.4733 287.637
35.4736 287.642
35.4742 287.654
35.4697 287.654
35.4563 287.655
35.4383 287.657
35.4338 287.657
35.4293 287.657
35.4248 287.658
35.406 287.642
35.3824 287.621
35.3336 287.551
35.3238 287.535
35.3232 287.523
35.3208 287.478
35.3202 287.466
35.3244 287.46
35.3289 287.46
35.3333 287.46
35.3423 287.459
35.3513 287.458
35.3692 287.457
35.3737 287.456
35.3977 287.483
35.412 287.499
35.4506 287.547
35.4706 287.585
35.4712 287.597
35.4718 287.608
35.4733 287.637
SUA13_0

0
0 15000 55380 55440
0 0 0 1
26
35.5107 287.662
35.511 287.668
35.5116 287.679
35.5119 287.685
35.5074 287.685
35.4939 287.686
35.4715 287.688
35.4625 287.689
35.4401 287.691
35.4087 287.693
35.3952 287.695
35.3267 287.592
35.3264 287.586
35.3249 287.558
35.3232 287.523
35.3268 287.506
35.3387 287.476
35.3567 287.475
35.3791 287.473
35.3881 287.472
35.3926 287.472
35.4826 287.556
35.4874 287.561
35.5083 287.616
35.5086 287.622
35.5107 287.662
SUA13_1

0
15000 30001 55380 55440
0 0 0 1
25
35.4943 287.606
35.4946 287.612
35.4964 287.646
35.4972 287.663
35.4975 287.669
35.4841 287.67
35.4527 287.673
35.4482 287.673
35.4437 287.673
35.3934 287.66
35.3399 287.585
35.33 287.569
35.3297 287.563
35.3267 287.506
35.3265 287.5
35.3262 287.494
35.3259 287.489
35.3339 287.471
35.3519 287.469
35.3743 287.468
35.3833 287.467
35.3878 287.466
35.4688 287.551
35.4736 287.556
35.4943 287.606
SUA13_2

0
30001 45002 55380 55440
0 0 0 1
27
35.4823 287.636
35.4829 287.647
35.4835 287.659
35.479 287.659
35.4745 287.659
35.47 287.66
35.4341 287.663
35.4296 287.663
35.3878 287.638
35.339 287.568
35.3291 287.551
35.3285 287.54
35.3276 287.523
35.327 287.512
35.3267 287.506
35.3259 287.489
35.3253 287.477
35.3292 287.466
35.3336 287.465
35.365 287.463
35.3785 287.461
35.383 287.461
35.3878 287.466
35.4599 287.552
35.4802 287.596
35.4805 287.602
35.4823 287.636
SUA13_3

0
45002 60003 55380 55440
0 0 0 1
24
35.4742 287.654
35.4697 287.654
35.4293 287.657
35.4248 287.658
35.406 287.642
35.3824 287.621
35.3336 287.551
35.3238 287.535
35.3217 287.495
35.3208 287.478
35.3202 287.466
35.3244 287.46
35.3333 287.46
35.3378 287.459
35.3648 287.457
35.3692 287.457
35.3737 287.456
35.3785 287.461
35.3977 287.483
35.412 287.499
35.4506 287.547
35.4706 287.585
35.4712 287.597
35.4742 287.654
SUA14_0

0
0 15000 55440 55500
0 0 0 1
25
35.5107 287.662
35.5119 287.685
35.5074 287.685
35.4266 287.692
35.4132 287.693
35.3997 287.694
35.3952 287.695
35.3267 287.592
35.3261 287.58
35.3249 287.558
35.3235 287.529
35.3232 287.523
35.3267 287.506
35.3387 287.476
35.3432 287.476
35.3522 287.475
35.3701 287.474
35.3881 287.472
35.3926 287.472
35.4826 287.556
35.4874 287.561
35.5083 287.616
35.5089 287.628
35.5101 287.651
35.5107 287.662
SUA14_1

0
15000 30001 55440 55500
0 0 0 1
21
35.4964 287.646
35.4969 287.657
35.4975 287.669
35.4482 287.673
35.4437 287.673
35.3934 287.66
35.3399 287.585
35.33 287.569
35.3285 287.54
35.3265 287.5
35.3259 287.489
35.3339 287.471
35.3564 287.469
35.3833 287.467
35.3878 287.466
35.4688 287.551
35.4736 287.556
35.4943 287.606
35.4946 287.612
35.4955 287.629
35.4964 287.646
SUA14_2

0
30001 45002 55440 55500
0 0 0 1
23
35.4829 287.647
35.4835 287.659
35.479 287.659
35.4745 287.659
35.4655 287.66
35.4296 287.663
35.3878 287.638
35.339 287.568
35.3291 287.551
35.3285 287.54
35.327 287.512
35.3256 287.483
35.3253 287.477
35.3292 287.466
35.3426 287.464
35.3651 287.463
35.374 287.462
35.383 287.461
35.3878 287.466
35.4599 287.552
35.4802 287.596
35.4805 287.602
35.4829 287.647
SUA14_3

0
45002 60003 55440 55500
0 0 0 1
28
35.4712 287.597
35.4724 287.619
35.4736 287.642
35.4739 287.648
35.4742 287.654
35.4697 287.654
35.4518 287.655
35.4473 287.656
35.4293 287.657
35.4248 287.658
35.406 287.642
35.3824 287.621
35.3336 287.551
35.3238 287.535
35.3229 287.518
35.3208 287.478
35.3202 287.466
35.3244 287.46
35.3333 287.46
35.3558 287.458
35.3692 287.457
35.3737 287.456
35.3785 287.461
35.3881 287.472
35.412 287.499
35.4506 287.547
35.4706 287.585
35.4712 287.597
SUA15_0

0
0 15000 55500 55560
0 0 0 1
26
35.5107 287.662
35.5116 287.679
35.5119 287.685
35.5029 287.685
35.476 287.688
35.4356 287.691
35.4042 287.694
35.3997 287.694
35.3952 287.695
35.3267 287.592
35.3264 287.586
35.3255 287.569
35.3249 287.557
35.3243 287.546
35.3238 287.535
35.3235 287.529
35.3232 287.523
35.3268 287.506
35.3387 287.476
35.3432 287.476
35.3881 287.472
35.3926 287.472
35.4826 287.556
35.4874 287.561
35.5083 287.616
35.5107 287.662
SUA15_1

0
15000 30001 55500 55560
0 0 0 1
26
35.4969 287.657
35.4975 287.669
35.4886 287.67
35.4841 287.67
35.4661 287.671
35.4527 287.673
35.4482 287.673
35.4437 287.673
35.3934 287.66
35.3399 287.585
35.33 287.569
35.3297 287.563
35.3288 287.546
35.3265 287.5
35.3262 287.494
35.3259 287.489
35.3339 287.471
35.3384 287.471
35.3519 287.469
35.3698 287.468
35.3833 287.467
35.3878 287.466
35.4688 287.551
35.4736 287.556
35.4943 287.606
35.4969 287.657
SUA15_2

0
30001 45002 55500 55560
0 0 0 1
22
35.4814 287.619
35.4835 287.659
35.479 287.659
35.4341 287.663
35.4296 287.663
35.3878 287.638
35.339 287.568
35.3291 287.551
35.3259 287.489
35.3253 287.477
35.3292 287.466
35.3336 287.465
35.3606 287.463
35.3651 287.463
35.3785 287.461
35.383 287.461
35.3878 287.466
35.4599 287.552
35.4802 287.596
35.4805 287.602
35.4811 287.613
35.4814 287.619
SUA15_3

0
45002 60003 55500 55560
0 0 0 1
29
35.4736 287.642
35.4739 287.648
35.4742 287.654
35.4697 287.654
35.4383 287.657
35.4338 287.657
35.4248 287.658
35.406 287.642
35.3824 287.621
35.3336 287.551
35.3238 287.535
35.3226 287.512
35.3214 287.489
35.3205 287.472
35.3202 287.466
35.3244 287.46
35.3468 287.458
35.3648 287.457
35.3692 287.457
35.3737 287.456
35.3785 287.461
35.3977 287.483
35.4072 287.493
35.412 287.499
35.4506 287.547
35.4706 287.585
35.4709 287.591
35.4718 287.608
35.4736 287.642
