SUA0_0

0
0 15000 94800 94860
0 0 0 1
31
35.3381 260.709
35.3468 260.722
35.3641 260.748
35.367 260.752
35.3699 260.757
35.3533 260.812
35.3533 260.812
35.3499 260.815
35.3189 260.848
35.3154 260.852
35.3154 260.852
35.3068 260.839
35.3039 260.835
35.301 260.83
35.2981 260.826
35.3068 260.839
35.2779 260.795
35.275 260.791
35.275 260.791
35.2755 260.783
35.2761 260.775
35.2801 260.763
35.291 260.744
35.291 260.744
35.3048 260.729
35.3185 260.715
35.322 260.711
35.3254 260.707
35.3254 260.707
35.3352 260.704
35.3381 260.709
SUA1_0

0
0 15000 94860 94920
0 0 0 1
42
35.4508 260.648
35.4595 260.661
35.4624 260.666
35.4624 260.666
35.4618 260.674
35.4618 260.674
35.4544 260.689
35.4469 260.705
35.4469 260.705
35.4435 260.708
35.4331 260.719
35.4262 260.727
35.4125 260.741
35.409 260.745
35.3987 260.756
35.3952 260.76
35.3952 260.76
35.3751 260.774
35.355 260.788
35.3383 260.798
35.3251 260.805
35.3251 260.805
35.302 260.77
35.2962 260.761
35.2904 260.752
35.2944 260.74
35.2979 260.737
35.3048 260.729
35.3116 260.722
35.3185 260.715
35.3289 260.704
35.3426 260.689
35.3461 260.685
35.3731 260.664
35.3898 260.654
35.4093 260.648
35.4191 260.645
35.4191 260.645
35.4255 260.646
35.4445 260.648
35.4508 260.648
35.4508 260.648
SUA1_1

0
15000 30001 94860 94920
0 0 0 1
29
35.4664 260.654
35.4693 260.659
35.4681 260.675
35.4676 260.683
35.4676 260.683
35.4607 260.69
35.4297 260.723
35.4262 260.727
35.3394 260.782
35.3394 260.782
35.3365 260.777
35.3279 260.764
35.3134 260.742
35.3076 260.734
35.3076 260.734
35.3214 260.719
35.3455 260.693
35.3593 260.679
35.3903 260.646
35.4036 260.639
35.4036 260.639
35.4329 260.63
35.4427 260.627
35.4427 260.627
35.4519 260.632
35.4519 260.632
35.4519 260.632
35.4577 260.641
35.4664 260.654
SUA1_2

0
30001 45002 94860 94920
0 0 0 1
32
35.4485 260.636
35.4571 260.649
35.46 260.653
35.4629 260.658
35.4589 260.67
35.4589 260.67
35.4382 260.692
35.4348 260.695
35.4314 260.699
35.4112 260.713
35.3911 260.727
35.3911 260.727
35.3853 260.718
35.3796 260.709
35.3738 260.701
35.3622 260.683
35.3622 260.683
35.3622 260.683
35.3628 260.675
35.3628 260.675
35.3765 260.66
35.3869 260.649
35.3903 260.646
35.4007 260.635
35.4075 260.627
35.4144 260.62
35.4179 260.616
35.4179 260.616
35.4242 260.617
35.4369 260.618
35.4369 260.618
35.4485 260.636
SUA2_0

0
0 15000 94920 94980
0 0 0 1
19
35.4629 260.658
35.4658 260.662
35.4618 260.674
35.4584 260.678
35.4549 260.681
35.4515 260.685
35.448 260.689
35.4388 260.683
35.4359 260.679
35.433 260.675
35.4307 260.662
35.4376 260.655
35.441 260.651
35.4445 260.648
35.4445 260.648
35.4571 260.649
35.4571 260.649
35.4571 260.649
35.4629 260.658
SUA2_1

0
15000 30001 94920 94980
0 0 0 1
31
35.4801 260.639
35.4859 260.648
35.4819 260.66
35.4745 260.675
35.471 260.679
35.4676 260.683
35.4641 260.686
35.4607 260.69
35.4469 260.705
35.4435 260.708
35.4435 260.708
35.4337 260.711
35.4337 260.711
35.4308 260.707
35.4279 260.703
35.4221 260.694
35.4163 260.685
35.4135 260.681
35.4111 260.668
35.4117 260.66
35.4157 260.649
35.4191 260.645
35.4329 260.63
35.4329 260.63
35.4427 260.627
35.4525 260.624
35.4588 260.625
35.4715 260.626
35.4715 260.626
35.4744 260.631
35.4801 260.639
SUA2_2

0
30001 45002 94920 94980
0 0 0 1
30
35.4818 260.615
35.4847 260.62
35.4847 260.62
35.487 260.632
35.483 260.644
35.4756 260.659
35.4721 260.663
35.4618 260.674
35.448 260.689
35.4314 260.699
35.4216 260.702
35.4152 260.701
35.4152 260.701
35.4152 260.701
35.4123 260.697
35.4095 260.692
35.4037 260.684
35.395 260.671
35.3921 260.666
35.3898 260.654
35.3898 260.654
35.3972 260.638
35.4041 260.631
35.4144 260.62
35.4179 260.616
35.4179 260.616
35.4507 260.604
35.4668 260.602
35.4789 260.611
35.4818 260.615
SUA2_3

0
45002 60003 94920 94980
0 0 0 1
29
35.4731 260.602
35.476 260.607
35.4789 260.611
35.4789 260.611
35.4813 260.623
35.4807 260.631
35.4807 260.631
35.4772 260.635
35.4669 260.646
35.4635 260.65
35.4497 260.664
35.4428 260.672
35.4394 260.675
35.4394 260.675
35.433 260.675
35.433 260.675
35.4301 260.67
35.4099 260.64
35.407 260.635
35.407 260.635
35.407 260.635
35.4213 260.613
35.4282 260.605
35.4386 260.594
35.4454 260.587
35.4581 260.588
35.4645 260.589
35.4674 260.593
35.4731 260.602
SUA6_1

0
15000 30001 95160 95220
0 0 0 1
25
35.6914 260.4
35.7001 260.413
35.7001 260.413
35.6995 260.421
35.6892 260.432
35.6788 260.443
35.6754 260.446
35.672 260.45
35.6553 260.46
35.6553 260.46
35.649 260.46
35.6461 260.455
35.6432 260.451
35.6403 260.447
35.6403 260.447
35.6408 260.439
35.6517 260.42
35.6552 260.416
35.6689 260.401
35.6758 260.394
35.6793 260.39
35.6793 260.39
35.6856 260.391
35.6885 260.395
35.6914 260.4
SUA6_2

0
30001 45002 95160 95220
0 0 0 1
32
35.692 260.392
35.6977 260.4
35.7006 260.405
35.7006 260.405
35.7001 260.413
35.6961 260.424
35.6961 260.424
35.6926 260.428
35.6892 260.432
35.672 260.45
35.6651 260.457
35.6651 260.457
35.6415 260.475
35.6415 260.475
35.6323 260.47
35.6323 260.47
35.6265 260.461
35.6207 260.453
35.6178 260.448
35.6178 260.448
35.6155 260.436
35.6155 260.436
35.6229 260.42
35.6264 260.417
35.6505 260.391
35.6608 260.38
35.6643 260.376
35.6677 260.373
35.6741 260.373
35.6804 260.374
35.6833 260.378
35.692 260.392
SUA6_3

0
45002 60003 95160 95220
0 0 0 1
26
35.6683 260.365
35.6914 260.4
35.6909 260.408
35.6903 260.416
35.6903 260.416
35.6868 260.419
35.68 260.427
35.6696 260.438
35.6627 260.445
35.6455 260.463
35.6421 260.467
35.6323 260.47
35.6259 260.469
35.6173 260.456
35.6086 260.443
35.6057 260.439
35.6034 260.426
35.6034 260.426
35.6103 260.419
35.6206 260.408
35.6309 260.397
35.6413 260.386
35.655 260.371
35.6585 260.368
35.6683 260.365
35.6683 260.365
SUA7_0

0
0 15000 95220 95280
0 0 0 1
32
35.91 260.331
35.9124 260.343
35.9142 260.364
35.9038 260.375
35.8935 260.386
35.6955 260.432
35.6955 260.432
35.6892 260.432
35.6892 260.432
35.6892 260.432
35.6863 260.427
35.6834 260.423
35.6805 260.419
35.6805 260.419
35.6811 260.411
35.6811 260.411
35.6845 260.407
35.688 260.403
35.6914 260.4
35.6914 260.4
35.7219 260.375
35.742 260.361
35.742 260.361
35.7788 260.336
35.8253 260.309
35.8253 260.309
35.8351 260.306
35.8547 260.3
35.861 260.301
35.88 260.303
35.9014 260.318
35.91 260.331
SUA7_1

0
15000 30001 95220 95280
0 0 0 1
36
35.899 260.305
35.9135 260.327
35.9135 260.327
35.921 260.356
35.9205 260.364
35.9199 260.372
35.9159 260.384
35.9159 260.384
35.9125 260.388
35.9056 260.395
35.9022 260.399
35.9022 260.399
35.8889 260.405
35.6881 260.448
35.6817 260.447
35.6817 260.447
35.6788 260.443
35.676 260.438
35.6673 260.425
35.6615 260.417
35.6621 260.409
35.6621 260.408
35.6655 260.405
35.6689 260.401
35.6724 260.397
35.6862 260.383
35.7132 260.362
35.7299 260.351
35.7764 260.324
35.8195 260.3
35.8523 260.288
35.8777 260.291
35.8869 260.296
35.899 260.305
35.899 260.305
35.899 260.305
SUA7_2

0
30001 45002 95220 95280
0 0 0 1
32
35.9095 260.339
35.9095 260.339
35.9118 260.351
35.9113 260.359
35.9113 260.359
35.9113 260.359
35.9078 260.363
35.8768 260.396
35.8768 260.396
35.6783 260.451
35.672 260.45
35.6656 260.449
35.6656 260.449
35.6598 260.441
35.6541 260.432
35.6454 260.419
35.643 260.406
35.6436 260.398
35.6505 260.391
35.6608 260.38
35.6643 260.376
35.6677 260.373
35.7045 260.348
35.7212 260.338
35.8074 260.291
35.8304 260.281
35.8304 260.281
35.8529 260.28
35.8592 260.28
35.8748 260.286
35.8777 260.291
35.9095 260.339
SUA7_3

0
45002 60003 95220 95280
0 0 0 1
31
35.8041 260.339
35.8099 260.348
35.7961 260.363
35.7823 260.377
35.7789 260.381
35.7754 260.385
35.7588 260.395
35.6725 260.442
35.6627 260.445
35.6501 260.444
35.6501 260.444
35.6472 260.439
35.6443 260.435
35.6385 260.426
35.6356 260.422
35.6327 260.417
35.6304 260.405
35.6309 260.397
35.6344 260.393
35.6378 260.39
35.6516 260.375
35.655 260.371
35.6585 260.368
35.6752 260.357
35.7085 260.337
35.7516 260.313
35.7746 260.304
35.781 260.304
35.781 260.304
35.7868 260.313
35.8041 260.339
SUA8_1

0
15000 30001 95280 95340
0 0 0 1
24
35.9089 260.347
35.9118 260.351
35.9147 260.356
35.9199 260.372
35.9199 260.372
35.9159 260.384
35.9125 260.388
35.9056 260.395
35.8987 260.402
35.8953 260.406
35.8953 260.406
35.8855 260.409
35.8768 260.396
35.8739 260.392
35.871 260.387
35.8652 260.378
35.8663 260.362
35.8703 260.351
35.8738 260.347
35.8876 260.332
35.8939 260.333
35.8939 260.333
35.906 260.342
35.9089 260.347
SUA8_2

0
30001 45002 95280 95340
0 0 0 1
25
35.9031 260.338
35.9118 260.351
35.9118 260.351
35.9113 260.359
35.9073 260.371
35.9038 260.375
35.89 260.389
35.8831 260.397
35.8797 260.4
35.8734 260.4
35.8734 260.4
35.8705 260.395
35.8647 260.386
35.8618 260.382
35.8589 260.378
35.856 260.373
35.8531 260.369
35.8479 260.352
35.8548 260.345
35.872 260.326
35.8789 260.319
35.8824 260.315
35.8887 260.316
35.8916 260.321
35.9031 260.338
